0 2.657019 4.556545
1 2.316679 2.968572
2 2.065188 2.599056
3 2.009825 2.354836
4 1.97102 2.409745
5 1.950182 2.283572
6 1.950182 2.360412
7 1.938536 2.194704
8 1.938446 2.187776
9 1.938446 2.297437
10 1.929529 2.34924
11 1.929529 2.260069
12 1.92358 2.272384
13 1.921165 2.267048
14 1.921165 2.224462
15 1.920291 2.312572
16 1.920291 2.297347
17 1.918109 2.271501
18 1.918109 2.327995
19 1.917134 2.318474
20 1.917134 2.474203
21 1.908939 2.322716
22 1.906787 2.304803
23 1.904816 2.321597
24 1.904816 2.21493
25 1.903798 2.187334
26 1.903798 2.170744
27 1.903798 2.247928
28 1.903798 2.174873
29 1.903779 2.202466
30 1.900201 2.279557
31 1.900201 2.286513
32 1.84592 2.278735
33 1.84592 2.156406
34 1.839512 2.133451
35 1.838619 2.289645
36 1.838619 2.220456
37 1.837977 2.167004
38 1.837977 2.153762
39 1.835132 2.315343
40 1.828708 2.243222
41 1.828708 2.200937
42 1.828708 2.203568
43 1.828708 2.203204
44 1.828708 2.230934
45 1.828708 2.147697
46 1.827317 2.116568
47 1.827317 2.21083
48 1.827317 2.202135
49 1.827317 2.114668
50 1.827317 2.154179
51 1.827317 2.110152
52 1.827317 2.319018
53 1.827317 2.12997
54 1.826763 2.256059
55 1.825104 2.184424
56 1.824228 2.129383
57 1.823252 2.242573
58 1.823252 2.081233
59 1.823252 2.195608
60 1.823252 2.189505
61 1.823252 2.163901
62 1.822055 2.138775
63 1.822055 2.184229
64 1.822055 2.219604
65 1.822055 2.107172
66 1.822055 2.209406
67 1.821094 2.217266
68 1.821094 2.100758
69 1.82107 2.192327
70 1.82107 2.209175
71 1.82107 2.201493
72 1.82107 2.142537
73 1.82107 2.187575
74 1.82107 2.120384
75 1.820649 2.156697
76 1.820649 2.266305
77 1.820551 2.106889
78 1.820551 2.143982
79 1.820161 2.140073
80 1.820161 2.135923
81 1.820161 2.152889
82 1.81997 2.183577
83 1.81997 2.132344
84 1.81997 2.158269
85 1.81997 2.152622
86 1.81997 2.103233
87 1.81997 2.218284
88 1.81997 2.188965
89 1.819729 2.154198
90 1.819689 2.112051
91 1.819689 2.120006
92 1.819689 2.105989
93 1.819689 2.067956
94 1.819521 2.241198
95 1.818903 2.086283
96 1.818903 2.129971
97 1.818903 2.162522
98 1.818011 2.171818
99 1.818011 2.127371
